
Объект: Без названия

Задача 1: УРАВНИВАНИЕ СЕТИ ПОЛИГОНОМЕТРИИ. ТРИАНГУЛЯЦИЯИ ХОД БОКОВЫМИ ЗАСЕЧКАМИ (ПОЛИГОН 1)

Ведомость уравненных координат

Исходные пункты:
+--------------------------------------------------------------------------------+
|   Пункт      |     X     |     Y     |   На пункт   | Дирекц.угол   |Расстояние|
+--------------------------------------------------------------------------------+
|         3407 |   122.248 |   643.318 |            7 |   0  22.0    |    48.774 |
|                                      
|         4817 |   224.215 |   862.566 |            8 | 222  24.4    |    33.481 |
|                                      
|         1042 |   692.873 |    18.464 |            1 | 104  32.0    |    47.013 |
|                                      
|         2187 |   436.173 |    42.840 |            1 |   4  55.9    |   245.812 |
|                                      |            2 |  41  46.6    |   238.173 |
|                                      
+--------------------------------------------------------------------------------+

Определяемые пункты:
+--------------------------------------------------------------------------------+
|   Пункт      |     X     |     Y     |   На пункт   | Дирекц.угол   |Расстояние|
+--------------------------------------------------------------------------------+
|            3 |   558.119 |   342.749 |            2 | 291  30.8    |   151.810 |
|                                      |            4 | 126  57.0    |   161.998 |
|                                      |           3a | 216  15.5    |   142.445 |
|                                      |         спас | 329  55.4    |   184.217 |
|                                      
|            4 |   460.740 |   472.211 |            5 | 137  39.2    |   141.122 |
|                                      |            3 | 306  57.0    |   161.998 |
|                                      |           3a | 265  19.4    |   214.423 |
|                                      
|            5 |   356.439 |   567.274 |            4 | 317  39.2    |   141.122 |
|                                      |            7 | 157  37.1    |   200.525 |
|                                      |            6 | 104  36.4    |   175.250 |
|                                      
|            6 |   312.245 |   736.860 |            5 | 284  36.4    |   175.250 |
|                                      |            8 | 137  33.2    |   152.801 |
|                                      |            7 | 213  25.9    |   169.222 |
|                                      
|            7 |   171.021 |   643.630 |            5 | 337  37.1    |   200.525 |
|                                      |         3407 | 180  22.0    |    48.774 |
|                                      |            6 |  33  25.9    |   169.222 |
|                                      |            8 |  81  45.0    |   198.411 |
|                                      
|            8 |   199.493 |   839.987 |         4817 |  42  24.4    |    33.481 |
|                                      |            6 | 317  33.2    |   152.801 |
|                                      |            7 | 261  45.0    |   198.411 |
|                                      
|           3a |   443.258 |   258.503 |            2 | 341  31.3    |   179.803 |
|                                      |            3 |  36  15.5    |   142.445 |
|                                      |            4 |  85  19.4    |   214.423 |
|                                      
|            1 |   681.075 |    63.973 |         1042 | 284  32.0    |    47.013 |
|                                      |            2 | 116   4.0    |   153.118 |
|                                      |         2187 | 184  55.9    |   245.812 |
|                                      |         спас |  78  56.2    |   189.985 |
|                                      
|         спас |   717.533 |   250.428 |            1 | 258  56.2    |   189.985 |
|                                      |            2 | 205  14.6    |   114.694 |
|                                      |            3 | 149  55.4    |   184.217 |
|                                      
|            2 |   613.792 |   201.516 |            1 | 296   4.0    |   153.118 |
|                                      |            3 | 111  30.8    |   151.810 |
|                                      |           3a | 161  31.3    |   179.803 |
|                                      |         2187 | 221  46.6    |   238.173 |
|                                      |         спас |  25  14.6    |   114.694 |
|                                      
+--------------------------------------------------------------------------------+


Ведомость оценки точности

Ошибка единицы веса = 0.687872
+---------------------------------------------------------------------------------------------------------+
|   Название   |   Средние квадратические ошибки                                           |              |
|    пункта    |---------------------------------------------------------------------------|   На пункт   |
|              |     M      |    Mx     |    My     |    Ms     |    Ms/S   |      Ma      |              |
+---------------------------------------------------------------------------------------------------------+
|            3 |      0.027 |     0.020 |     0.018 |     0.016 |  9582.547 |       10.055 |            2 |
|                                                   |     0.020 |  7985.054 |        7.929 |            4 |
|                                                   |     0.015 |  9403.607 |       10.411 |           3a |
|                                                   |     0.020 |  9424.494 |        9.863 |         спас |
|            4 |      0.031 |     0.027 |     0.016 |     0.031 |  4585.529 |        7.774 |            5 |
|                                                   |     0.020 |  7985.054 |        7.929 |            3 |
|                                                   |     0.023 |  9259.524 |        9.773 |           3a |
|            5 |      0.031 |     0.027 |     0.016 |     0.031 |  4585.529 |        7.774 |            4 |
|                                                   |     0.020 |  9809.097 |        8.670 |            7 |
|                                                   |     0.018 |  9675.165 |        9.150 |            6 |
|            6 |      0.027 |     0.026 |     0.007 |     0.018 |  9675.165 |        9.150 |            5 |
|                                                   |     0.015 |  9872.243 |       10.210 |            8 |
|                                                   |     0.017 | 10038.125 |        9.737 |            7 |
|            7 |      0.014 |     0.014 |     0.003 |     0.020 |  9809.097 |        8.670 |            5 |
|                                                   |     0.014 |  3515.095 |       10.714 |         3407 |
|                                                   |     0.017 | 10038.125 |        9.737 |            6 |
|                                                   |     0.020 | 10174.151 |        9.968 |            8 |
|            8 |      0.025 |     0.018 |     0.017 |     0.024 |  1367.044 |       11.701 |         4817 |
|                                                   |     0.015 |  9872.243 |       10.210 |            6 |
|                                                   |     0.020 | 10174.151 |        9.968 |            7 |
|           3a |      0.028 |     0.027 |     0.009 |     0.018 |  9728.399 |       12.284 |            2 |
|                                                   |     0.015 |  9403.607 |       10.411 |            3 |
|                                                   |     0.023 |  9259.524 |        9.773 |            4 |
|            1 |      0.017 |     0.007 |     0.015 |     0.017 |  2830.513 |       14.202 |         1042 |
|                                                   |     0.012 | 12511.989 |       12.198 |            2 |
|                                                   |     0.006 | 43110.573 |       13.369 |         2187 |
|                                                   |     0.018 | 10827.434 |       13.738 |         спас |
|         спас |      0.026 |     0.021 |     0.015 |     0.018 | 10827.434 |       13.738 |            1 |
|                                                   |     0.013 |  8804.923 |       12.096 |            2 |
|                                                   |     0.020 |  9424.494 |        9.863 |            3 |
|            2 |      0.016 |     0.013 |     0.010 |     0.012 | 12511.989 |       12.198 |            1 |
|                                                   |     0.016 |  9582.547 |       10.055 |            3 |
|                                                   |     0.018 |  9728.399 |       12.284 |           3a |
|                                                   |     0.007 | 36295.198 |       12.852 |         2187 |
|                                                   |     0.013 |  8804.923 |       12.096 |         спас |
+---------------------------------------------------------------------------------------------------------+


Ведомость уравненных измерений

Горизонтальные Углы:
+---------------------------------------------------------------------------------+
|   Пункт    |    Пункт   |   Пункт    |  Измеренный  |  Поправка  |  Уравненный  |
|   Назад    |   Стояния  |   Вперед   |     угол     |   в мин.   |     угол     |
+---------------------------------------------------------------------------------+
|          2 |          1 |       2187 |  68  52.0    |       -0.1 |  68  51.9    |
|       2187 |          1 |       1042 |  99  36.1    |       -0.0 |  99  36.1    |
|       1042 |          1 |       спас | 154  24.2    |       -0.0 | 154  24.2    |
|       спас |          1 |          2 |  37   7.7    |        0.1 |  37   7.8    |
|          3 |          2 |         3a |  50   0.4    |        0.1 |  50   0.5    |
|         3a |          2 |       2187 |  60  15.2    |        0.0 |  60  15.2    |
|       2187 |          2 |          1 |  74  17.6    |       -0.1 |  74  17.5    |
|          1 |          2 |       спас |  89  10.5    |        0.0 |  89  10.5    |
|       спас |          2 |          3 |  86  16.3    |       -0.1 |  86  16.2    |
|          4 |          3 |         3a |  89  18.5    |        0.0 |  89  18.5    |
|         3a |          3 |          2 |  75  15.2    |        0.1 |  75  15.3    |
|          2 |          3 |       спас |  38  24.7    |       -0.1 |  38  24.6    |
|       спас |          3 |          4 | 157   1.6    |       -0.0 | 157   1.6    |
|         3a |          4 |          3 |  41  37.6    |       -0.0 |  41  37.6    |
|          3 |          4 |          5 | 190  42.2    |       -0.0 | 190  42.2    |
|          5 |          4 |         3a | 127  40.2    |        0.0 | 127  40.2    |
|          6 |          5 |          7 |  53   0.6    |        0.1 |  53   0.7    |
|          7 |          5 |          4 | 160   2.1    |       -0.0 | 160   2.1    |
|          4 |          5 |          6 | 146  57.3    |       -0.1 | 146  57.2    |
|          8 |          6 |          7 |  75  52.9    |       -0.2 |  75  52.7    |
|          7 |          6 |          5 |  71  10.3    |        0.2 |  71  10.5    |
|          5 |          6 |          8 | 212  56.8    |       -0.0 | 212  56.8    |
|       3407 |          7 |          5 | 157  15.1    |        0.0 | 157  15.1    |
|          5 |          7 |          6 |  55  48.6    |        0.2 |  55  48.8    |
|          6 |          7 |          8 |  48  19.3    |       -0.2 |  48  19.1    |
|          8 |          7 |       3407 |  98  37.0    |       -0.0 |  98  37.0    |
|          7 |          8 |          6 |  55  48.3    |       -0.1 |  55  48.2    |
|          6 |          8 |       4817 |  84  51.2    |        0.0 |  84  51.2    |
|       4817 |          8 |          7 | 219  20.5    |        0.1 | 219  20.6    |
+---------------------------------------------------------------------------------+

Дирекционные углы:
+--------------------------------------------------------------------+
|     От     |     До     |  Измеренный  |  Поправка  |  Уравненный  |
|   пункта   |   пункта   |     угол     |    в мин.  |     угол     |
+--------------------------------------------------------------------+
+--------------------------------------------------------------------+

Расстояния:
+--------------------------------------------------------------------+
|     От     |      До    |  Измеренное  |  Поправка  |  Уравненное  |
|   пункта   |   пункта   |  расстояние  |    в м.    |  расстояние  |
+--------------------------------------------------------------------+
|          4 |          5 |      141.085 |     -0.037 |      141.122 |
|          5 |          7 |      200.530 |      0.005 |      200.525 |
|          8 |       4817 |       33.500 |      0.019 |       33.481 |
|          1 |       1042 |       47.020 |      0.007 |       47.013 |
|       3407 |          7 |       48.731 |     -0.043 |       48.774 |
+--------------------------------------------------------------------+


