1013            643.058      440.308      150.150
1042            692.873       18.464      152.614
1492            157.273       46.136        0.000
1498            294.376       13.480        0.000
2187            436.173       42.840        0.000
2814           -160.381      597.665        0.000
2819            -97.527      416.207        0.000
2836            -15.364      719.776      173.517
2907             57.130      152.602        0.000
3102            -45.660      297.799        0.000
3407            122.248      643.318      178.743
4817            224.215      862.566      182.164
םאה.דמכ.        564.107      735.388        0.000
0006          377.538      978.139        0.000
0016          738.591      702.713        0.000
0020          724.146      871.314        0.000
0021          787.483      924.935        0.000
