1               681.080       63.981      152.533
2               613.803      201.572      157.813
3               558.401      342.195      160.534
3a              443.151      258.638        0.000
4               460.651      472.188      164.223
5               356.391      567.240      171.208
6               312.212      736.843      177.214
7               170.978      643.623      177.213
8               199.477      839.977      180.315
8óã             211.642      273.887        0.000
9óã             132.688      445.593        0.000
À               309.159      399.245        0.000
ïï10            649.330      882.580        0.000
ïï11            586.526      800.870        0.000
ïï13            611.197      701.940        0.000
ïï14            661.726      674.119        0.000
ïï15            702.578      646.229        0.000
ïï17            691.135      742.801        0.000
ïï18            641.068      781.749        0.000
ïï19            686.201      956.020        0.000
ïï22            790.456      838.504        0.000
ïï23            736.936      799.379        0.000
ïï24            677.992      830.436        0.000
ïï4             513.137      766.109        0.000
ïï5             449.032      846.799        0.000
ïï7             500.813      998.248        0.000
ïï8             572.731      905.797        0.000
ïï9             597.720      979.449        0.000
ñïàñ            717.572      250.473        0.000
ñò1             659.983      456.068        0.000
ñò2             737.819      463.462        0.000
ñò3             799.144      538.404        0.000
ñò4             752.393      623.821        0.000
ñò5             670.875      593.119        0.000
ñò6             625.351      517.960        0.000
ò1             -138.362      717.452        0.000
ò2              -61.046      612.491        0.000
ò3               14.418      474.248        0.000
ò4               66.281      333.658        0.000
ò5              134.076      215.021        0.000
ò6              227.469      119.607        0.000
ò7              356.175      148.292        0.000
òõ1             601.187      426.516      152.339
òõ2             543.029      623.605      165.652
òõ3             430.278      711.453      178.123
òõ4             411.204      890.912      179.320
ò÷ê1           -102.149      859.068      164.360
ò÷ê2             23.441      947.300      158.995
ò÷ê3            150.551      943.730      154.452
ò÷ê4            146.880      798.038      166.341
øï.âíá          705.903      533.110        0.000
